image: map-dynamic.pgm
resolution: 0.050000
origin: [-5.464705, -8.469293, 0.000000]
negate: 0
occupied_thresh: 0.65
free_thresh: 0.196

